0.000915108
0.00171561
0.00171561
0.000915108
0.00171561
0.00321636
0.00321636
0.00171561
0.00171561
0.00321636
0.00321636
0.00171561
0.000915108
0.00171561
0.00171561
0.000915108
0.00171561
0.00321636
0.00321636
0.00171561
0.00321636
0.00602991
0.00602991
0.00321636
0.00321636
0.00602991
0.00602991
0.00321636
0.00171561
0.00321636
0.00321636
0.00171561
0.00171561
0.00321636
0.00321636
0.00171561
0.00321636
0.00602991
0.00602991
0.00321636
0.00321636
0.00602991
0.00602991
0.00321636
0.00171561
0.00321636
0.00321636
0.00171561
0.000915108
0.00171561
0.00171561
0.000915108
0.00171561
0.00321636
0.00321636
0.00171561
0.00171561
0.00321636
0.00321636
0.00171561
0.000915108
0.00171561
0.00171561
0.000915108
0.00171561
0.00321636
0.00321636
0.00171561
0.00321636
0.00602991
0.00602991
0.00321636
0.00321636
0.00602991
0.00602991
0.00321636
0.00171561
0.00321636
0.00321636
0.00171561
0.00321636
0.00602991
0.00602991
0.00321636
0.00602991
0.0113046
0.0113046
0.00602991
0.00602991
0.0113046
0.0113046
0.00602991
0.00321636
0.00602991
0.00602991
0.00321636
0.00321636
0.00602991
0.00602991
0.00321636
0.00602991
0.0113046
0.0113046
0.00602991
0.00602991
0.0113046
0.0113046
0.00602991
0.00321636
0.00602991
0.00602991
0.00321636
0.00171561
0.00321636
0.00321636
0.00171561
0.00321636
0.00602991
0.00602991
0.00321636
0.00321636
0.00602991
0.00602991
0.00321636
0.00171561
0.00321636
0.00321636
0.00171561
0.00171561
0.00321636
0.00321636
0.00171561
0.00321636
0.00602991
0.00602991
0.00321636
0.00321636
0.00602991
0.00602991
0.00321636
0.00171561
0.00321636
0.00321636
0.00171561
0.00321636
0.00602991
0.00602991
0.00321636
0.00602991
0.0113046
0.0113046
0.00602991
0.00602991
0.0113046
0.0113046
0.00602991
0.00321636
0.00602991
0.00602991
0.00321636
0.00321636
0.00602991
0.00602991
0.00321636
0.00602991
0.0113046
0.0113046
0.00602991
0.00602991
0.0113046
0.0113046
0.00602991
0.00321636
0.00602991
0.00602991
0.00321636
0.00171561
0.00321636
0.00321636
0.00171561
0.00321636
0.00602991
0.00602991
0.00321636
0.00321636
0.00602991
0.00602991
0.00321636
0.00171561
0.00321636
0.00321636
0.00171561
0.000915108
0.00171561
0.00171561
0.000915108
0.00171561
0.00321636
0.00321636
0.00171561
0.00171561
0.00321636
0.00321636
0.00171561
0.000915108
0.00171561
0.00171561
0.000915108
0.00171561
0.00321636
0.00321636
0.00171561
0.00321636
0.00602991
0.00602991
0.00321636
0.00321636
0.00602991
0.00602991
0.00321636
0.00171561
0.00321636
0.00321636
0.00171561
0.00171561
0.00321636
0.00321636
0.00171561
0.00321636
0.00602991
0.00602991
0.00321636
0.00321636
0.00602991
0.00602991
0.00321636
0.00171561
0.00321636
0.00321636
0.00171561
0.000915108
0.00171561
0.00171561
0.000915108
0.00171561
0.00321636
0.00321636
0.00171561
0.00171561
0.00321636
0.00321636
0.00171561
0.000915108
0.00171561
0.00171561
0.000915108
