21
-1.9444444444444
-3.1111111111111
-1.9444444444444
-1.9444444444444
-3.1111111111111
-1.9444444444444
-1.9444444444444
-3.1111111111111
-1.9444444444444
-1.9444444444444
-3.1111111111111
-1.9444444444444
-1.9444444444444
-3.1111111111111
-1.9444444444444
-1.9444444444444
-3.1111111111111
-1.9444444444444
-1.9444444444444
-3.1111111111111
-1.9444444444444
-1.9444444444444
-3.1111111111111
-1.9444444444444
0.064742483084435
0.13985269574464
0.19091502525256
0.20897959183673
0.19091502525256
0.13985269574464
0.064742483084435
0.077160493827161
0.12345679012346
0.07716049382716
0.12345679012346
0.19753086419753
0.12345679012346
0.07716049382716
0.12345679012346
0.07716049382716
0.077160493827161
0.12345679012346
0.07716049382716
0.12345679012346
0.19753086419753
0.12345679012346
0.07716049382716
0.12345679012346
0.07716049382716
0.077160493827161
0.12345679012346
0.07716049382716
0.12345679012346
0.19753086419753
0.12345679012346
0.07716049382716
0.12345679012346
0.07716049382716
0.077160493827161
0.12345679012346
0.07716049382716
0.12345679012346
0.19753086419753
0.12345679012346
0.07716049382716
0.12345679012346
0.07716049382716
0.077160493827161
0.12345679012346
0.07716049382716
0.12345679012346
0.19753086419753
0.12345679012346
0.07716049382716
0.12345679012346
0.07716049382716
0.077160493827161
0.12345679012346
0.07716049382716
0.12345679012346
0.19753086419753
0.12345679012346
0.07716049382716
0.12345679012346
0.07716049382716
0.077160493827161
0.12345679012346
0.07716049382716
0.12345679012346
0.19753086419753
0.12345679012346
0.07716049382716
0.12345679012346
0.07716049382716
0.064742483084435
0.13985269574464
0.19091502525256
0.20897959183673
0.19091502525256
0.13985269574464
0.064742483084435
0.077160493827161
0.12345679012346
0.07716049382716
0.12345679012346
0.19753086419753
0.12345679012346
0.07716049382716
0.12345679012346
0.07716049382716
0.077160493827161
0.12345679012346
0.07716049382716
0.12345679012346
0.19753086419753
0.12345679012346
0.07716049382716
0.12345679012346
0.07716049382716
0.077160493827161
0.12345679012346
0.07716049382716
0.12345679012346
0.19753086419753
0.12345679012346
0.07716049382716
0.12345679012346
0.07716049382716
0.077160493827161
0.12345679012346
0.07716049382716
0.12345679012346
0.19753086419753
0.12345679012346
0.07716049382716
0.12345679012346
0.07716049382716
0.077160493827161
0.12345679012346
0.07716049382716
0.12345679012346
0.19753086419753
0.12345679012346
0.07716049382716
0.12345679012346
0.07716049382716
0.077160493827161
0.12345679012346
0.07716049382716
0.12345679012346
0.19753086419753
0.12345679012346
0.07716049382716
0.12345679012346
0.07716049382716
0.064742483084435
0.13985269574464
0.19091502525256
0.20897959183673
0.19091502525256
0.13985269574464
0.064742483084435
0.077160493827161
0.12345679012346
0.07716049382716
0.12345679012346
0.19753086419753
0.12345679012346
0.07716049382716
0.12345679012346
0.07716049382716
0.077160493827161
0.12345679012346
0.07716049382716
0.12345679012346
0.19753086419753
0.12345679012346
0.07716049382716
0.12345679012346
0.07716049382716
0.077160493827161
0.12345679012346
0.07716049382716
0.12345679012346
0.19753086419753
0.12345679012346
0.07716049382716
0.12345679012346
0.07716049382716
0.077160493827161
0.12345679012346
0.07716049382716
0.12345679012346
0.19753086419753
0.12345679012346
0.07716049382716
0.12345679012346
0.07716049382716
0.077160493827161
0.12345679012346
0.07716049382716
0.12345679012346
0.19753086419753
0.12345679012346
0.07716049382716
0.12345679012346
0.07716049382716
0.064742483084435
0.13985269574464
0.19091502525256
0.20897959183673
0.19091502525256
0.13985269574464
0.064742483084435
0.077160493827161
0.12345679012346
0.07716049382716
0.12345679012346
0.19753086419753
0.12345679012346
0.07716049382716
0.12345679012346
0.07716049382716
0.077160493827161
0.12345679012346
0.07716049382716
0.12345679012346
0.19753086419753
0.12345679012346
0.07716049382716
0.12345679012346
0.07716049382716
0.077160493827161
0.12345679012346
0.07716049382716
0.12345679012346
0.19753086419753
0.12345679012346
0.07716049382716
0.12345679012346
0.07716049382716
0.077160493827161
0.12345679012346
0.07716049382716
0.12345679012346
0.19753086419753
0.12345679012346
0.07716049382716
0.12345679012346
0.07716049382716
0.064742483084435
0.13985269574464
0.19091502525256
0.20897959183673
0.19091502525256
0.13985269574464
0.064742483084435
0.077160493827161
0.12345679012346
0.07716049382716
0.12345679012346
0.19753086419753
0.12345679012346
0.07716049382716
0.12345679012346
0.07716049382716
0.077160493827161
0.12345679012346
0.07716049382716
0.12345679012346
0.19753086419753
0.12345679012346
0.07716049382716
0.12345679012346
0.07716049382716
0.077160493827161
0.12345679012346
0.07716049382716
0.12345679012346
0.19753086419753
0.12345679012346
0.07716049382716
0.12345679012346
0.07716049382716
0.064742483084435
0.13985269574464
0.19091502525256
0.20897959183673
0.19091502525256
0.13985269574464
0.064742483084435
0.077160493827161
0.12345679012346
0.07716049382716
0.12345679012346
0.19753086419753
0.12345679012346
0.07716049382716
0.12345679012346
0.07716049382716
0.077160493827161
0.12345679012346
0.07716049382716
0.12345679012346
0.19753086419753
0.12345679012346
0.07716049382716
0.12345679012346
0.07716049382716
0.064742483084435
0.13985269574464
0.19091502525256
0.20897959183673
0.19091502525256
0.13985269574464
0.064742483084435
0.077160493827161
0.12345679012346
0.07716049382716
0.12345679012346
0.19753086419753
0.12345679012346
0.07716049382716
0.12345679012346
0.07716049382716
0.064742483084435
0.13985269574464
0.19091502525256
0.20897959183673
0.19091502525256
0.13985269574464
0.064742483084435
